lastAccountName: ConCu133vn
timestamps:
  login: 1647761963288
  logout: 1647761974920
ipAddress: 14.172.145.77
logoutlocation:
  world: world
  x: -10.304512937988578
  y: 84.0625
  z: 3.5011929720567423
  yaw: -272.28616
  pitch: -0.31341788
