lastAccountName: Unoriginal101
timestamps:
  login: 1648137331347
  logout: 1648137342223
ipAddress: 116.105.172.41
logoutlocation:
  world: world
  x: -3.8649407916808824
  y: 84.0625
  z: -1.983239123770573
  yaw: -203.95007
  pitch: 16.249996
afk: false
