lastAccountName: jdcuss508
timestamps:
  login: 1647953849953
ipAddress: 103.24.20.30
logoutlocation:
  world: world
  x: -4.5
  y: 98.0
  z: 3.5
  yaw: -269.88617
  pitch: 2.0865822
