lastAccountName: EP0214
timestamps:
  login: 1647953849847
ipAddress: 197.255.254.149
logoutlocation:
  world: world
  x: -4.5
  y: 98.0
  z: 3.5
  yaw: -269.88617
  pitch: 2.0865822
