lastAccountName: ImRexOze
timestamps:
  login: 1647562214669
  logout: 1647562235780
ipAddress: 116.96.45.167
logoutlocation:
  world: world
  x: -10.469267962219032
  y: 84.0625
  z: 1.3561939895153046
  yaw: -268.0
  pitch: 2.0
