lastAccountName: NgocHai_TN
timestamps:
  login: 1647856930337
  logout: 1647856967737
ipAddress: 123.17.224.95
logoutlocation:
  world: world
  x: -80.35400379973233
  y: 75.0
  z: 3.4602276009271353
  yaw: -272.18805
  pitch: 1.0507245
