lastAccountName: MikiPanDaMC
timestamps:
  login: 1648178893583
  logout: 1648178911374
ipAddress: 113.169.223.246
logoutlocation:
  world: world
  x: -6.321895902920124
  y: 84.0625
  z: 3.4992034239684244
  yaw: -269.58618
  pitch: 1.0365822
