lastAccountName: KyoseiYTB
timestamps:
  login: 1648084252826
  logout: 1648084260922
ipAddress: 14.231.73.49
logoutlocation:
  world: world
  x: -3.6091056748896726
  y: 84.0625
  z: 1.4639142383821309
  yaw: -267.85
  pitch: 2.15
afk: false
