lastAccountName: SeV_ghost
timestamps:
  login: 1647574022226
  logout: 1647574043598
ipAddress: 113.183.229.81
logoutlocation:
  world: world
  x: -34.0915540866596
  y: 80.0
  z: -0.24122890693117277
  yaw: -268.89996
  pitch: 11.15
