lastAccountName: bibo0463
timestamps:
  login: 1647922329649
  logout: 1647922341212
ipAddress: 14.234.178.39
logoutlocation:
  world: world
  x: -1.5
  y: 84.0625
  z: 1.5
  yaw: -272.42682
  pitch: -0.026766634
