lastAccountName: bakabaka_VN
timestamps:
  login: 1647749558312
  logout: 1647749563861
ipAddress: 118.71.246.103
logoutlocation:
  world: world
  x: -5.140740111542504
  y: 84.0625
  z: 1.440040964167565
  yaw: -267.63495
  pitch: 4.1903076
