lastAccountName: XxGabito_YTxX
timestamps:
  login: 1648156216056
  logout: 1648156252891
ipAddress: 152.156.213.88
logoutlocation:
  world: world
  x: -4.853054051793095
  y: 84.0625
  z: 3.4994435910703032
  yaw: -284.39752
  pitch: -1.3709815
