lastAccountName: Bok_Huy
timestamps:
  login: 1647925759212
  logout: 1647925772351
ipAddress: 171.234.14.80
logoutlocation:
  world: world
  x: -20.378201003189705
  y: 84.1212968405392
  z: 0.9217378173465075
  yaw: -268.0
  pitch: 2.0
afk: false
