lastAccountName: BlockRobot123
timestamps:
  login: 1648135652431
ipAddress: 204.199.122.187
logoutlocation:
  world: world
  x: -4.5
  y: 98.0
  z: 3.5
  yaw: -269.88617
  pitch: 2.0865822
