lastAccountName: depzaivailon
timestamps:
  login: 1647756878172
  logout: 1647756884104
ipAddress: 14.181.89.183
logoutlocation:
  world: world
  x: -4.5
  y: 84.0625
  z: 3.5
  yaw: 90.11383
  pitch: 2.0865822
