lastAccountName: Troy_Darrow
timestamps:
  login: 1647953849883
ipAddress: 134.0.58.118
logoutlocation:
  world: world
  x: -4.5
  y: 98.0
  z: 3.5
  yaw: -269.88617
  pitch: 2.0865822
