lastAccountName: vinhss1
timestamps:
  login: 1647765507649
  logout: 1647765514174
ipAddress: 1.55.210.133
logoutlocation:
  world: world
  x: -2.354469499479225
  y: 84.0625
  z: 2.0891104575970036
  yaw: -268.0
  pitch: 2.0
