lastAccountName: NgHoang
timestamps:
  login: 1647345733685
  logout: 1647345751274
ipAddress: 14.191.106.126
logoutlocation:
  world: world
  x: -3.6528024194928337
  y: 84.0625
  z: 1.4502147174121087
  yaw: -266.65005
  pitch: 17.599998
