lastAccountName: chipbo123
timestamps:
  login: 1648095629884
  logout: 1648095645730
ipAddress: 1.52.59.150
logoutlocation:
  world: world
  x: -6.087059277450855
  y: 84.0625
  z: 1.3843551541074128
  yaw: -269.79996
  pitch: 63.049995
