lastAccountName: minetuan1904
timestamps:
  login: 1647849461220
  logout: 1647849479719
ipAddress: 222.252.39.205
logoutlocation:
  world: world
  x: -11.734300697235593
  y: 84.0625
  z: 1.2684144057417885
  yaw: -268.15
  pitch: 2.6
