lastAccountName: TrumGamePC
timestamps:
  login: 1647568398491
  logout: 1647568409704
ipAddress: 1.53.55.12
logoutlocation:
  world: world
  x: -15.68852645179019
  y: 84.0
  z: 2.9563677706869624
  yaw: -276.94604
  pitch: -1.2304916
