lastAccountName: ItzSponky
timestamps:
  login: 1647686417873
  logout: 1647686885649
ipAddress: 118.71.97.42
logoutlocation:
  world: world
  x: 6.387813934058153
  y: 84.0625
  z: -11.892039709309778
  yaw: 167.69328
  pitch: 42.404545
