lastAccountName: AnOggy
timestamps:
  login: 1648135942049
  logout: 1648135965587
ipAddress: 42.114.146.254
logoutlocation:
  world: world
  x: -2.0639531253757686
  y: 84.0625
  z: 5.051269497706548
  yaw: -150.5993
  pitch: 14.434967
