lastAccountName: FishFish
timestamps:
  login: 1648104596640
  logout: 1648104624202
ipAddress: 113.190.209.160
logoutlocation:
  world: world
  x: -2.5117083255953596
  y: 84.0625
  z: -5.119704595359986
  yaw: -71.28619
  pitch: -1.5134187
