lastAccountName: h8xade
timestamps:
  login: 1647953849831
ipAddress: 186.249.240.146
logoutlocation:
  world: world
  x: -4.5
  y: 98.0
  z: 3.5
  yaw: -269.88617
  pitch: 2.0865822
