lastAccountName: HungNguyennaz
timestamps:
  login: 1647760684788
  logout: 1647760688242
ipAddress: 42.115.184.117
logoutlocation:
  world: world
  x: -1.894235575302261
  y: 84.0625
  z: 1.3277289014620686
  yaw: -246.4
  pitch: 35.149994
