lastAccountName: NewCow
timestamps:
  login: 1648080695950
  logout: 1648080703073
ipAddress: 1.52.235.47
logoutlocation:
  world: world
  x: -3.869065753295124
  y: 84.0625
  z: 1.460153051884845
  yaw: -267.49915
  pitch: 1.5826263
