lastAccountName: TranKelixThuBa
timestamps:
  login: 1647765889005
  logout: 1647765896210
ipAddress: 42.118.115.122
logoutlocation:
  world: world
  x: -4.5
  y: 84.0625
  z: 3.5
  yaw: 90.11383
  pitch: 2.0865822
