lastAccountName: hoangquoc7147
timestamps:
  login: 1647766681043
  logout: 1647766685250
ipAddress: 14.191.40.175
logoutlocation:
  world: world
  x: -5.033692917888995
  y: 84.0625
  z: 1.4024756681565054
  yaw: -261.7603
  pitch: 5.645645
