lastAccountName: BlueDream
timestamps:
  login: 1647690405218
  logout: 1647690419247
ipAddress: 115.72.219.242
logoutlocation:
  world: world
  x: -3.8692476014657826
  y: 84.0625
  z: 1.462284239474684
  yaw: -268.0
  pitch: 2.0
