lastAccountName: EFRwin
timestamps:
  login: 1647953850018
ipAddress: 85.29.147.90
logoutlocation:
  world: world
  x: -4.5
  y: 98.0
  z: 3.5
  yaw: -269.88617
  pitch: 2.0865822
