lastAccountName: Flux_CX66
timestamps:
  login: 1647953850044
ipAddress: 93.171.224.5
logoutlocation:
  world: world
  x: -4.5
  y: 98.0
  z: 3.5
  yaw: -269.88617
  pitch: 2.0865822
