lastAccountName: ShopKeeper
timestamps:
  login: 1647758323269
  logout: 1647758336147
ipAddress: 203.210.253.89
logoutlocation:
  world: world
  x: -9.536336282362058
  y: 84.85923560066871
  z: 1.4047393821044543
  yaw: -273.54996
  pitch: 14.150001
