lastAccountName: Juaz
timestamps:
  login: 1648136421785
  logout: 1648136436251
ipAddress: 14.173.90.141
logoutlocation:
  world: world
  x: -9.433255081972973
  y: 84.0625
  z: 3.0134938108684888
  yaw: -264.35657
  pitch: 69.05618
