lastAccountName: namHack1
timestamps:
  login: 1647687183946
  logout: 1647687205899
ipAddress: 1.55.42.222
logoutlocation:
  world: world
  x: -5.333915522461872
  y: 84.0625
  z: -1.647651164059075
  yaw: -32.603535
  pitch: 1.1751281
