lastAccountName: CS_Cute
timestamps:
  login: 1648093928201
  logout: 1648093944056
ipAddress: 58.187.167.199
logoutlocation:
  world: world
  x: -4.725956924293182
  y: 84.0625
  z: 3.495444760657847
  yaw: -267.3362
  pitch: 32.236576
