lastAccountName: AdminRay
timestamps:
  login: 1648027022406
  logout: 1648027053357
ipAddress: 14.176.223.59
logoutlocation:
  world: world
  x: -4.5
  y: 84.0625
  z: 3.5
  yaw: -269.88617
  pitch: 2.0865822
