lastAccountName: TNTK4
timestamps:
  login: 1648143321955
  logout: 1648143323826
ipAddress: 113.173.120.229
logoutlocation:
  world: world
  x: -4.5
  y: 98.0
  z: 3.5
  yaw: -269.88617
  pitch: 2.0865822
