lastAccountName: SentAPack
timestamps:
  login: 1648135322693
  logout: 1648135338765
ipAddress: 27.73.162.102
logoutlocation:
  world: world
  x: -10.108556523277905
  y: 84.0625
  z: 3.4932915318058804
  yaw: -269.73618
  pitch: 1.7865822
