lastAccountName: DanielPark
timestamps:
  login: 1647948366677
  logout: 1647948374977
ipAddress: 42.112.82.116
logoutlocation:
  world: world
  x: -3.762052853849211
  y: 84.0625
  z: 1.2741436399809423
  yaw: 96.5
  pitch: 28.25
afk: false
