lastAccountName: CatLikeCat
timestamps:
  login: 1647763438789
  logout: 1647763484585
ipAddress: 115.76.51.14
logoutlocation:
  world: world
  x: -8.304567990955531
  y: 84.0625
  z: 1.196282664085241
  yaw: -270.21518
  pitch: 18.288801
