lastAccountName: jayv4th
timestamps:
  login: 1647953849925
ipAddress: 187.60.66.45
logoutlocation:
  world: world
  x: -4.5
  y: 98.0
  z: 3.5
  yaw: -269.88617
  pitch: 2.0865822
