lastAccountName: ntnnhudog
timestamps:
  login: 1648183223401
  logout: 1648183229410
ipAddress: 58.187.47.43
logoutlocation:
  world: world
  x: -1.501311248129241
  y: 84.0625
  z: 1.4999416344329006
  yaw: -263.80005
  pitch: 16.400002
