lastAccountName: PhysicalCherries
timestamps:
  login: 1646981046736
  logout: 1646981062563
ipAddress: 14.244.32.154
logoutlocation:
  world: world
  x: -6.67369244933474
  y: 84.0625
  z: 1.417711067944765
  yaw: -268.0
  pitch: 2.1376517
