lastAccountName: ChangNotNgu
timestamps:
  login: 1647949444744
  logout: 1647949512876
ipAddress: 118.71.161.125
logoutlocation:
  world: world
  x: -37.312096071750645
  y: 80.2531999805212
  z: 3.141011958013979
  yaw: -268.0
  pitch: 2.0
afk: false
