lastAccountName: LongKaDepTrai123
timestamps:
  login: 1647844601538
  logout: 1647844611788
ipAddress: 14.191.57.122
logoutlocation:
  world: world
  x: -2.6630456012137875
  y: 84.0625
  z: 0.31823702809439486
  yaw: -265.5534
  pitch: 4.6795588
