lastAccountName: DarkLord
timestamps:
  login: 1647932255312
  logout: 1647932271517
ipAddress: 113.190.176.138
logoutlocation:
  world: world
  x: -14.785265981717647
  y: 84.0625
  z: 3.2381809242776587
  yaw: 91.57289
  pitch: 6.0989804
