lastAccountName: crazymaniac568
timestamps:
  login: 1648135652423
ipAddress: 176.235.87.118
logoutlocation:
  world: world
  x: -4.5
  y: 98.0
  z: 3.5
  yaw: -269.88617
  pitch: 2.0865822
