lastAccountName: Ovelow
timestamps:
  login: 1647758729302
  logout: 1647758740245
ipAddress: 117.7.221.73
logoutlocation:
  world: world
  x: -5.208672670730953
  y: 84.0625
  z: 1.2691580804163334
  yaw: -260.00488
  pitch: 66.33582
