lastAccountName: hluu
timestamps:
  login: 1648052047234
  logout: 1648052148497
ipAddress: 113.165.44.40
logoutlocation:
  world: world
  x: 4.431795404141443
  y: 75.0
  z: -131.3883902392505
  yaw: 347.14984
  pitch: 14.000058
