lastAccountName: Mhskyblock
timestamps:
  login: 1647595816933
  logout: 1647595838608
ipAddress: 14.248.210.140
logoutlocation:
  world: world
  x: -5.16359099960171
  y: 84.0625
  z: -0.658788784661483
  yaw: -107.55343
  pitch: 16.908892
