lastAccountName: CuoiNhauDi
timestamps:
  login: 1648045428816
  logout: 1648045443462
ipAddress: 42.118.116.142
logoutlocation:
  world: world
  x: -4.5
  y: 84.0625
  z: 3.5
  yaw: 66.002655
  pitch: 62.790054
