lastAccountName: Selia
timestamps:
  login: 1648133987698
  logout: 1648133991396
ipAddress: 171.225.248.150
logoutlocation:
  world: world
  x: -4.5
  y: 97.92159999847412
  z: 3.5
  yaw: 90.11383
  pitch: 2.0865822
