lastAccountName: HAnhHackerVN
timestamps:
  login: 1647763692363
  logout: 1647763696064
ipAddress: 14.176.223.59
logoutlocation:
  world: world
  x: -4.5
  y: 84.0625
  z: 3.5
  yaw: -268.98618
  pitch: 2.3865824
