logoutlocation:
  world: world
  x: -24.095467818791754
  y: 80.0
  z: 1.637112777811746
  yaw: -278.0932
  pitch: 17.82797
lastAccountName: BlaBlaBlaBla
timestamps:
  login: 1647701325225
  logout: 1647701343665
ipAddress: 171.233.138.156
