lastAccountName: L4gtesNub1
timestamps:
  login: 1647756020932
  logout: 1647756058703
ipAddress: 42.116.181.174
logoutlocation:
  world: world
  x: 142.9604338660088
  y: 74.0
  z: -5.586524886564366
  yaw: -75.1759
  pitch: 7.6055784
