lastAccountName: hackertdm
timestamps:
  login: 1647956705093
  logout: 1647956736091
ipAddress: 42.119.152.120
logoutlocation:
  world: world
  x: -4.5
  y: 84.0625
  z: 3.5
  yaw: 90.71383
  pitch: -4.5134153
