lastAccountName: thecharlie06
timestamps:
  login: 1648135652419
ipAddress: 185.66.57.178
logoutlocation:
  world: world
  x: -4.5
  y: 98.0
  z: 3.5
  yaw: -269.88617
  pitch: 2.0865822
