lastAccountName: Mr_ShiroN
timestamps:
  login: 1647600966043
  logout: 1647600986953
ipAddress: 171.250.249.245
logoutlocation:
  world: world
  x: -11.644611604009082
  y: 84.0625
  z: 1.4657713173006461
  yaw: -301.08612
  pitch: -1.5000029
