lastAccountName: HANHTRUMTRUONG
timestamps:
  login: 1647431881084
  logout: 1647431906790
ipAddress: 14.254.91.9
logoutlocation:
  world: world
  x: -24.99688134717092
  y: 80.0625
  z: 8.990837492960774
  yaw: -108.39993
  pitch: 39.800003
