lastAccountName: kydslk
timestamps:
  login: 1647409950990
  logout: 1647409966332
ipAddress: 1.55.51.186
logoutlocation:
  world: world
  x: -3.7698827797650982
  y: 84.0625
  z: -2.11205869591266
  yaw: -212.14716
  pitch: -2.9281943
