lastAccountName: Smash
timestamps:
  login: 1648040591901
  logout: 1648040602382
ipAddress: 14.230.176.10
logoutlocation:
  world: world
  x: -7.177920862614215
  y: 84.0625
  z: 2.6581986199690624
  yaw: -285.81757
  pitch: 49.3088
afk: false
