lastAccountName: Lakaku
timestamps:
  login: 1647833373548
  logout: 1647833388813
ipAddress: 14.236.169.90
logoutlocation:
  world: world
  x: -19.33080283237278
  y: 82.5
  z: 2.7071746180952303
  yaw: -266.28622
  pitch: 6.5865827
