lastAccountName: HAK0U
timestamps:
  login: 1647689444157
  logout: 1647689461749
ipAddress: 116.96.46.138
logoutlocation:
  world: world
  x: 2.2752623034704205
  y: 84.0625
  z: -9.238443781546657
  yaw: -67.38618
  pitch: 62.536552
