lastAccountName: NVQnhu
timestamps:
  login: 1648136493581
  logout: 1648136508603
ipAddress: 115.76.49.64
logoutlocation:
  world: world
  x: -7.949982377209124
  y: 84.0625
  z: 3.496843069791794
  yaw: -269.88617
  pitch: 2.0865822
