lastAccountName: HKH_Ferrari
timestamps:
  login: 1648053386607
  logout: 1648053403980
ipAddress: 171.252.155.0
logoutlocation:
  world: world
  x: -16.497397797277728
  y: 84.0
  z: 3.247710530672897
  yaw: -268.1952
  pitch: -4.0737476
