lastAccountName: Clumzy
timestamps:
  login: 1648018015747
  logout: 1648018020266
ipAddress: 113.190.176.138
logoutlocation:
  world: world
  x: -5.076189466956929
  y: 84.0625
  z: 1.4430834925733507
  yaw: 92.0
  pitch: 1.8784121
