lastAccountName: COV_TITAN_626
timestamps:
  login: 1647953849873
ipAddress: 37.152.160.42
logoutlocation:
  world: world
  x: -4.5
  y: 98.0
  z: 3.5
  yaw: -269.88617
  pitch: 2.0865822
