lastAccountName: Oddloop_Test
timestamps:
  login: 1647937842859
  logout: 1647937860637
ipAddress: 14.232.33.77
logoutlocation:
  world: world
  x: -9.478569825997873
  y: 84.0625
  z: 3.541250432658413
  yaw: -260.46222
  pitch: -1.727879
