lastAccountName: KhoaKoNgu4
timestamps:
  login: 1647853703058
  logout: 1647853734848
ipAddress: 171.226.34.246
logoutlocation:
  world: world
  x: -13.470489953600298
  y: 84.0625
  z: 3.897892470818914
  yaw: -267.0727
  pitch: 37.398636
