lastAccountName: KK_Uotz
timestamps:
  login: 1647703110598
  logout: 1647703127496
ipAddress: 14.248.5.119
logoutlocation:
  world: world
  x: -19.375312538277807
  y: 81.93050451123717
  z: 4.358525829690375
  yaw: -281.09537
  pitch: 18.570671
