lastAccountName: Tofu_152
timestamps:
  login: 1647662773230
  logout: 1647662786443
ipAddress: 116.109.226.175
logoutlocation:
  world: world
  x: -7.313743393189501
  y: 84.0625
  z: 2.429840056729374
  yaw: -247.98616
  pitch: -3.9134178
