lastAccountName: Huy_OpSky
timestamps:
  login: 1648152403596
  logout: 1648152492669
ipAddress: 171.234.14.80
logoutlocation:
  world: world
  x: -66.77490260984084
  y: 75.0
  z: -0.525657764106711
  yaw: -275.5
  pitch: 17.150002
