lastAccountName: Cookie0247
timestamps:
  login: 1647670529642
  logout: 1647670551782
ipAddress: 115.73.199.131
logoutlocation:
  world: world
  x: -34.62929523385784
  y: 79.5
  z: 2.054385527446201
  yaw: 98.21383
  pitch: 25.78658
