lastAccountName: Badenes
timestamps:
  login: 1647953849827
ipAddress: 36.94.83.71
logoutlocation:
  world: world
  x: -4.5
  y: 98.0
  z: 3.5
  yaw: -269.88617
  pitch: 2.0865822
