lastAccountName: Blood_Moon0
timestamps:
  login: 1647911300847
  logout: 1647911315169
ipAddress: 125.235.232.123
logoutlocation:
  world: world
  x: -1.5
  y: 84.0625
  z: 1.5
  yaw: -249.70003
  pitch: 0.49999985
