lastAccountName: aphe0114
timestamps:
  login: 1648109810960
  logout: 1648109828979
ipAddress: 1.54.214.221
logoutlocation:
  world: world
  x: -11.304198645785732
  y: 84.0625
  z: 3.4841622912440218
  yaw: -281.49997
  pitch: 6.9499993
