lastAccountName: ___karma___
timestamps:
  login: 1647953850002
ipAddress: 118.174.219.100
logoutlocation:
  world: world
  x: -4.5
  y: 98.0
  z: 3.5
  yaw: -269.88617
  pitch: 2.0865822
