lastAccountName: NgHoangf
timestamps:
  login: 1647769049302
  logout: 1647769089095
  lastteleport: 1646980115976
ipAddress: 14.191.106.120
afk: false
logoutlocation:
  world: world
  x: -7.20629563213933
  y: 84.0625
  z: 1.3084949812350823
  yaw: -274.15665
  pitch: 66.47573
lastlocation:
  world: world
  x: -94.00608627485202
  y: 91.53260100172432
  z: 209.25611576149134
  yaw: -96.85002
  pitch: 11.999977
