lastAccountName: Timmi0423
timestamps:
  login: 1647953849839
ipAddress: 36.95.245.81
logoutlocation:
  world: world
  x: -4.5
  y: 98.0
  z: 3.5
  yaw: -269.88617
  pitch: 2.0865822
