lastAccountName: JDragonG
timestamps:
  login: 1647768856801
  logout: 1647768916010
ipAddress: 123.27.93.211
logoutlocation:
  world: world
  x: 28.168743437301053
  y: 80.0
  z: 5.740090862829004
  yaw: -312.40247
  pitch: 34.400013
