lastAccountName: KingNasus
timestamps:
  login: 1648086252916
  logout: 1648086264799
ipAddress: 117.1.222.39
logoutlocation:
  world: world
  x: -1.5
  y: 84.0625
  z: 1.5
  yaw: -268.37378
  pitch: 2.3737888
