lastAccountName: Mazzz
timestamps:
  login: 1647964079726
  logout: 1647964095336
ipAddress: 42.116.115.73
logoutlocation:
  world: world
  x: -10.603789242890766
  y: 84.0625
  z: 3.1850112134239064
  yaw: -266.4361
  pitch: 10.336581
