lastAccountName: Nam_p_q_
timestamps:
  login: 1648130889484
  logout: 1648130896476
ipAddress: 14.191.40.175
logoutlocation:
  world: world
  x: -5.470783719120245
  y: 84.0625
  z: 1.3276741250615782
  yaw: -267.1587
  pitch: 12.936935
