lastAccountName: bloatedmagot
timestamps:
  login: 1647953849837
ipAddress: 103.166.210.253
logoutlocation:
  world: world
  x: -4.5
  y: 98.0
  z: 3.5
  yaw: -269.88617
  pitch: 2.0865822
