lastAccountName: cpoblack
timestamps:
  login: 1647931519771
  logout: 1647931543176
ipAddress: 42.117.20.183
logoutlocation:
  world: world
  x: -12.099834686057637
  y: 84.0625
  z: 3.4760698927966587
  yaw: -268.3862
  pitch: 0.4365822
