lastAccountName: Shusaura
timestamps:
  login: 1648162300673
  logout: 1648162308613
ipAddress: 113.190.176.138
logoutlocation:
  world: world
  x: -6.805701888678714
  y: 84.0625
  z: 1.4165686974301934
  yaw: 92.000015
  pitch: 2.0
afk: false
