lastAccountName: Snoopear
timestamps:
  login: 1647953850029
ipAddress: 191.97.3.198
logoutlocation:
  world: world
  x: -4.5
  y: 98.0
  z: 3.5
  yaw: -269.88617
  pitch: 2.0865822
