lastAccountName: Ferrari
timestamps:
  login: 1647566298454
  logout: 1647566305975
ipAddress: 171.250.162.242
logoutlocation:
  world: world
  x: -5.699002826376111
  y: 84.0625
  z: 4.479340779945098
  yaw: -298.8017
  pitch: -2.7511046
