lastAccountName: Azami
timestamps:
  login: 1647534107916
  logout: 1647534133524
ipAddress: 112.197.161.102
logoutlocation:
  world: world
  x: -13.361306786598327
  y: 84.0625
  z: 1.5385217467555776
  yaw: -270.3999
  pitch: 9.95
