lastAccountName: BringMeMyTea
timestamps:
  login: 1647754674087
  logout: 1647754706178
ipAddress: 113.172.85.241
logoutlocation:
  world: world
  x: -1.648715648719845
  y: 83.5
  z: -16.84306120094668
  yaw: -165.33716
  pitch: 14.1757765
