lastAccountName: CrazyBear
timestamps:
  login: 1648180633988
  logout: 1648180642290
ipAddress: 1.52.235.47
logoutlocation:
  world: world
  x: -6.674642718580794
  y: 84.0625
  z: 1.3592974787342398
  yaw: -266.3305
  pitch: -0.7546651
