lastAccountName: NhaAFK
timestamps:
  login: 1648183127577
  logout: 1648183137831
ipAddress: 171.251.238.24
logoutlocation:
  world: world
  x: -4.590529229268461
  y: 84.0625
  z: 1.4657129445113242
  yaw: -268.0
  pitch: 2.0
