lastAccountName: TPS2004
timestamps:
  login: 1647851738110
  logout: 1647851757486
ipAddress: 1.53.88.95
logoutlocation:
  world: world
  x: -12.871202071797345
  y: 84.0625
  z: 0.842233911340763
  yaw: 98.36381
  pitch: 4.9365826
