lastAccountName: tuansurvival
timestamps:
  login: 1648108276764
  logout: 1648108304774
ipAddress: 14.176.223.59
logoutlocation:
  world: world
  x: -4.5
  y: 84.0625
  z: 3.5
  yaw: -253.83621
  pitch: 20.986582
