lastAccountName: iJaccy_VN
timestamps:
  login: 1647761090873
  logout: 1647761101128
ipAddress: 113.172.107.34
logoutlocation:
  world: world
  x: -18.20940777549327
  y: 83.5
  z: 1.179818449766446
  yaw: -269.26633
  pitch: 17.877909
