lastAccountName: SQ_ServerDowner
timestamps:
  login: 1648179548140
  logout: 1648179570761
ipAddress: 14.162.191.21
logoutlocation:
  world: world
  x: -4.820558959385803
  y: 84.0625
  z: 1.492600134726672
  yaw: -269.25497
  pitch: 68.66608
afk: false
