lastAccountName: talisac420
timestamps:
  login: 1647953850007
ipAddress: 186.225.194.78
logoutlocation:
  world: world
  x: -4.5
  y: 98.0
  z: 3.5
  yaw: -269.88617
  pitch: 2.0865822
