lastAccountName: HAnh2
timestamps:
  login: 1648108366538
  logout: 1648108382623
ipAddress: 14.176.223.59
logoutlocation:
  world: world
  x: -14.326328725842139
  y: 84.0625
  z: 0.35250497551296417
  yaw: -282.55002
  pitch: 18.949999
afk: false
