lastAccountName: tinsieunoob0401
timestamps:
  login: 1647857249077
  logout: 1647857277244
ipAddress: 58.187.53.183
logoutlocation:
  world: world
  x: -8.336151612523459
  y: 84.0625
  z: -0.18758518964283652
  yaw: -280.24344
  pitch: 24.565145
