lastAccountName: _NhiiYangHo_
timestamps:
  login: 1647432233782
  logout: 1647432247437
ipAddress: 27.2.122.20
logoutlocation:
  world: world
  x: -7.307741216655967
  y: 84.0625
  z: 2.1181063164344547
  yaw: -277.45587
  pitch: -5.666993
