lastAccountName: SL_Tiger
timestamps:
  login: 1647584224243
  logout: 1647584297470
ipAddress: 117.3.70.183
logoutlocation:
  world: world
  x: -4.840995527176258
  y: 84.0625
  z: 4.074022469860785
  yaw: -59.236526
  pitch: 8.076932
