lastAccountName: RorySnipeZ
timestamps:
  login: 1647953849863
ipAddress: 59.152.102.182
logoutlocation:
  world: world
  x: -4.5
  y: 98.0
  z: 3.5
  yaw: -269.88617
  pitch: 2.0865822
