lastAccountName: WiGen
timestamps:
  login: 1647434266661
  logout: 1647434281800
ipAddress: 115.77.201.240
logoutlocation:
  world: world
  x: -5.076190556732298
  y: 84.0625
  z: 1.4430834925733507
  yaw: -268.0
  pitch: 2.0
