lastAccountName: Ldaring_
timestamps:
  login: 1647873928462
  logout: 1647873967299
ipAddress: 113.23.53.43
logoutlocation:
  world: world
  x: -2.1066261999685727
  y: 84.0625
  z: 14.836062532215717
  yaw: -186.79315
  pitch: 25.888964
