lastAccountName: giatuong123
timestamps:
  login: 1647916254726
  logout: 1647916273402
ipAddress: 125.235.229.51
logoutlocation:
  world: world
  x: -18.716180251331075
  y: 83.0
  z: 1.4721469666108282
  yaw: -269.4196
  pitch: 46.323524
