lastAccountName: HuynhHuuQuoc
timestamps:
  login: 1647433136498
  logout: 1647433143960
ipAddress: 113.178.126.90
logoutlocation:
  world: world
  x: -6.673732106376911
  y: 84.0625
  z: 1.3839074983863535
  yaw: -268.0
  pitch: 2.0
