lastAccountName: zenko1258
timestamps:
  login: 1648099793732
  logout: 1648099819010
ipAddress: 14.189.190.231
logoutlocation:
  world: world
  x: -8.753138496991426
  y: 84.0625
  z: 0.35961963930323726
  yaw: -303.63602
  pitch: 1.336584
