lastAccountName: Repticharlie1
timestamps:
  login: 1647953850049
ipAddress: 181.48.70.30
logoutlocation:
  world: world
  x: -4.5
  y: 98.0
  z: 3.5
  yaw: -269.88617
  pitch: 2.0865822
