lastAccountName: Blackk360
timestamps:
  login: 1647953850074
ipAddress: 43.224.10.30
logoutlocation:
  world: world
  x: -4.5
  y: 98.0
  z: 3.5
  yaw: -269.88617
  pitch: 2.0865822
