lastAccountName: vuongprohpc
timestamps:
  login: 1647940029492
  logout: 1647940059688
ipAddress: 14.249.238.25
logoutlocation:
  world: world
  x: -4.334879457565384
  y: 84.0625
  z: 5.200507109945939
  yaw: -222.9362
  pitch: 10.486585
