lastAccountName: Cheems
timestamps:
  login: 1647869546006
  logout: 1647869558122
ipAddress: 42.119.150.6
logoutlocation:
  world: world
  x: -2.1366404964360632
  y: 84.0625
  z: 1.4897138834930956
  yaw: -268.0
  pitch: 2.0
