lastAccountName: mining4music
timestamps:
  login: 1647953849998
ipAddress: 185.161.39.17
logoutlocation:
  world: world
  x: -4.5
  y: 98.0
  z: 3.5
  yaw: -269.88617
  pitch: 2.0865822
