lastAccountName: HAnh
timestamps:
  login: 1647512117386
  logout: 1647512122680
ipAddress: 127.0.0.1
logoutlocation:
  world: world
  x: -1.7970515968963068
  y: 84.0625
  z: 1.6302660700503635
  yaw: -293.4911
  pitch: 59.25681
