lastAccountName: BigDoinks123
timestamps:
  login: 1647953849962
ipAddress: 201.158.120.44
logoutlocation:
  world: world
  x: -4.5
  y: 98.0
  z: 3.5
  yaw: -269.88617
  pitch: 2.0865822
