lastAccountName: Rous
timestamps:
  login: 1647974345604
  logout: 1647974355116
ipAddress: 116.99.41.125
logoutlocation:
  world: world
  x: -10.08698676045776
  y: 84.0625
  z: 1.364917733706534
  yaw: -268.44998
  pitch: 1.7
