lastAccountName: nhattruong2
timestamps:
  login: 1647532910785
  logout: 1647532933973
ipAddress: 42.113.114.149
logoutlocation:
  world: world
  x: -2.511369164944238
  y: 84.0625
  z: 1.6372877423457006
  yaw: -39.24997
  pitch: 5.149999
