lastAccountName: khangnt900
timestamps:
  login: 1647945599249
  logout: 1647945623686
ipAddress: 14.228.109.93
logoutlocation:
  world: world
  x: -4.5
  y: 84.0625
  z: 3.5
  yaw: -270.03616
  pitch: 1.6365823
