lastAccountName: RKamm01
timestamps:
  login: 1647953849922
ipAddress: 160.19.143.2
logoutlocation:
  world: world
  x: -4.5
  y: 98.0
  z: 3.5
  yaw: -269.88617
  pitch: 2.0865822
