lastAccountName: Safufu
timestamps:
  login: 1647953849848
ipAddress: 177.128.198.26
logoutlocation:
  world: world
  x: -4.5
  y: 98.0
  z: 3.5
  yaw: -269.88617
  pitch: 2.0865822
