lastAccountName: Granz3410P
timestamps:
  login: 1647498962787
  logout: 1647499027427
ipAddress: 14.189.253.243
logoutlocation:
  world: world
  x: -1.9036530635926971
  y: 84.0625
  z: 1.6306312509215677
  yaw: -302.49997
  pitch: 1.2499998
