lastAccountName: AccNay50k
timestamps:
  login: 1647763545717
  logout: 1647763550040
ipAddress: 113.180.69.97
logoutlocation:
  world: world
  x: -4.04083632207593
  y: 84.0625
  z: 0.601505099695595
  yaw: -268.0
  pitch: 3.633132
afk: false
