lastAccountName: Kutaki
timestamps:
  login: 1647933346628
  logout: 1647933359369
ipAddress: 123.26.226.5
logoutlocation:
  world: world
  x: -24.331779283750738
  y: 80.0
  z: 2.3379878927935684
  yaw: -267.40002
  pitch: 1.85
