lastAccountName: SimplyAnxious
timestamps:
  login: 1647953849918
ipAddress: 195.34.242.131
logoutlocation:
  world: world
  x: -4.5
  y: 98.0
  z: 3.5
  yaw: -269.88617
  pitch: 2.0865822
