lastAccountName: Alex_Drod
timestamps:
  login: 1648104944400
  logout: 1648104966264
ipAddress: 115.72.217.94
logoutlocation:
  world: world
  x: -8.457603751029584
  y: 84.0625
  z: 3.7357354371593807
  yaw: -275.8862
  pitch: 41.98658
