lastAccountName: tideptrainhatvn
timestamps:
  login: 1647651248311
  logout: 1647651268154
ipAddress: 42.113.205.50
logoutlocation:
  world: world
  x: -4.5
  y: 84.0625
  z: 3.5
  yaw: -246.63611
  pitch: -12.613417
