lastAccountName: zZ_TTHT_Zz
timestamps:
  login: 1648091031365
  logout: 1648091038804
ipAddress: 123.22.57.166
logoutlocation:
  world: world
  x: -2.976665893990611
  y: 84.0625
  z: 2.9778496912980605
  yaw: -287.9501
  pitch: -0.40000337
afk: false
