lastAccountName: LGEmGau
timestamps:
  login: 1647758334308
  logout: 1647758346379
ipAddress: 123.25.199.237
logoutlocation:
  world: world
  x: -12.931000838913725
  y: 84.0625
  z: 2.4336271284014486
  yaw: -268.53616
  pitch: -0.46341813
