lastAccountName: unplase111
timestamps:
  login: 1647735668235
  logout: 1647735680047
ipAddress: 42.112.56.232
logoutlocation:
  world: world
  x: -11.814851461855037
  y: 84.0625
  z: -6.141370694871594
  yaw: 195.67137
  pitch: 6.2807946
