lastAccountName: Eggman105
timestamps:
  login: 1647953850023
ipAddress: 80.53.255.194
logoutlocation:
  world: world
  x: -4.5
  y: 98.0
  z: 3.5
  yaw: -269.88617
  pitch: 2.0865822
