lastAccountName: NPGaming1
timestamps:
  login: 1647845581989
  logout: 1647845592471
ipAddress: 116.96.21.183
logoutlocation:
  world: world
  x: -6.929512792962596
  y: 84.0625
  z: 1.4554268270730972
  yaw: -268.0
  pitch: 2.0
