lastAccountName: AnYTB
timestamps:
  login: 1647743581772
  logout: 1647743587936
ipAddress: 103.249.21.193
logoutlocation:
  world: world
  x: -4.5
  y: 98.0
  z: 3.5
  yaw: -269.88617
  pitch: 2.0865822
