lastAccountName: LsayA
timestamps:
  login: 1648098276625
  logout: 1648098297676
ipAddress: 103.249.23.7
logoutlocation:
  world: world
  x: -7.946335092383999
  y: 84.0625
  z: 3.496843069791794
  yaw: -269.88617
  pitch: 2.0865822
