lastAccountName: 2ndfinger
timestamps:
  login: 1647573177890
  logout: 1647573515310
ipAddress: 1.52.235.47
logoutlocation:
  world: world
  x: -2.5966049674607463
  y: 84.0625
  z: 12.597654079093477
  yaw: -163.34875
  pitch: -3.5928156
