lastAccountName: Exploiter
timestamps:
  login: 1648028400700
  logout: 1648028412207
ipAddress: 118.71.76.10
logoutlocation:
  world: world
  x: -18.66367484202111
  y: 83.0
  z: 1.4817486659208043
  yaw: -269.7371
  pitch: 4.0266137
