lastAccountName: Ducthanh
timestamps:
  login: 1647569668986
  logout: 1647569688146
ipAddress: 1.54.206.154
logoutlocation:
  world: world
  x: -1.5
  y: 84.0625
  z: 1.5
  yaw: -267.48355
  pitch: 0.794963
