lastAccountName: DraTick
timestamps:
  login: 1647698061486
  logout: 1647698073025
ipAddress: 115.76.54.247
logoutlocation:
  world: world
  x: -10.159151764032242
  y: 84.0625
  z: -0.1811169445754982
  yaw: 112.46384
  pitch: 3.2865825
