lastAccountName: ConCaiNitOke
timestamps:
  login: 1647749210198
  logout: 1647749218791
ipAddress: 171.236.59.189
logoutlocation:
  world: world
  x: -5.922363063469819
  y: 84.0625
  z: 1.3773837845822332
  yaw: -268.26108
  pitch: 1.9129758
