lastAccountName: reever888
timestamps:
  login: 1647953849897
ipAddress: 115.164.146.10
logoutlocation:
  world: world
  x: -4.5
  y: 98.0
  z: 3.5
  yaw: -269.88617
  pitch: 2.0865822
