lastAccountName: hoangsurvival
timestamps:
  login: 1648130907819
  logout: 1648130916840
ipAddress: 14.185.147.154
logoutlocation:
  world: world
  x: -1.5
  y: 84.0625
  z: 1.5
  yaw: -302.65002
  pitch: -1.5999992
afk: false
