lastAccountName: TTG_GOD
timestamps:
  login: 1648183330127
  logout: 1648183342305
ipAddress: 42.119.147.26
logoutlocation:
  world: world
  x: -9.119916034857196
  y: 84.0625
  z: 3.497312502182467
  yaw: -270.13577
  pitch: 2.2113705
