lastAccountName: BearMCVN
timestamps:
  login: 1647873909498
  logout: 1647873926111
ipAddress: 14.248.5.119
logoutlocation:
  world: world
  x: -23.684407501508353
  y: 80.0
  z: 2.106757779174682
  yaw: -274.0
  pitch: 18.950003
