lastAccountName: notrever
timestamps:
  login: 1647854059177
  logout: 1647854071200
ipAddress: 14.249.63.135
logoutlocation:
  world: world
  x: -6.549921002445361
  y: 84.0625
  z: 1.6647927781321896
  yaw: -256.2999
  pitch: 5.6000047
