lastAccountName: Fullsize
timestamps:
  login: 1647950371428
  logout: 1647950418858
ipAddress: 14.236.169.90
logoutlocation:
  world: world
  x: -83.27139235303582
  y: 80.0
  z: 51.94795250099165
  yaw: 255.04982
  pitch: 38.900013
