lastAccountName: NguyenHuuNhan
timestamps:
  login: 1647857487103
  logout: 1647857501491
ipAddress: 14.160.225.203
logoutlocation:
  world: world
  x: -48.73944118596372
  y: 75.0
  z: -2.9562762772526874
  yaw: -275.96182
  pitch: -3.6460946
