lastAccountName: P_Nhi
timestamps:
  login: 1647523225279
  logout: 1647523241650
ipAddress: 14.230.191.1
logoutlocation:
  world: world
  x: -15.428100052867364
  y: 84.0
  z: -0.7026197825368082
  yaw: -279.27216
  pitch: 14.04419
