lastAccountName: OBTY_
timestamps:
  login: 1647940274335
  logout: 1647940283045
ipAddress: 14.191.106.245
logoutlocation:
  world: world
  x: -9.751264945002648
  y: 84.0625
  z: 1.2050730079587164
  yaw: -267.37927
  pitch: 5.9312735
