lastAccountName: xOBe_
timestamps:
  login: 1647939893317
  logout: 1647939922707
ipAddress: 14.162.84.164
logoutlocation:
  world: world
  x: -13.41587315429932
  y: 84.0625
  z: 3.7155358489756276
  yaw: -268.87946
  pitch: 13.561734
