lastAccountName: n1cePlay
timestamps:
  login: 1647962355771
  logout: 1647962593185
ipAddress: 171.249.185.194
logoutlocation:
  world: world
  x: -15.596732450127611
  y: 84.0
  z: -0.23106326717119652
  yaw: -276.48328
  pitch: 8.483147
