lastAccountName: Kcin
timestamps:
  login: 1647347075304
  logout: 1647347083164
ipAddress: 113.172.121.5
logoutlocation:
  world: world
  x: -1.5
  y: 84.0625
  z: 1.5
  yaw: -267.94125
  pitch: 1.9412411
