lastAccountName: xSmall
timestamps:
  login: 1648183254295
  logout: 1648183268395
ipAddress: 116.105.172.41
logoutlocation:
  world: world
  x: -7.991539568752188
  y: 84.0625
  z: 1.7085621858198992
  yaw: -168.70006
  pitch: 3.7499838
