lastAccountName: SQ_WeiNgu
timestamps:
  login: 1647670098878
  logout: 1647670113459
ipAddress: 113.23.48.149
logoutlocation:
  world: world
  x: -8.564534833138886
  y: 84.0625
  z: 3.499130740598048
  yaw: -270.33615
  pitch: 6.886582
