lastAccountName: Luongdz03
timestamps:
  login: 1648133451071
  logout: 1648133471283
ipAddress: 14.251.66.159
logoutlocation:
  world: world
  x: -9.769024073006687
  y: 84.0625
  z: 1.2036614415679052
  yaw: -271.5999
  pitch: 30.500004
