lastAccountName: TranKelixThuHai
timestamps:
  login: 1647583065518
  logout: 1647583077078
ipAddress: 42.118.115.122
logoutlocation:
  world: world
  x: -2.232380811270812
  y: 84.0625
  z: 1.487825614400208
  yaw: 91.999985
  pitch: 2.0
afk: false
