lastAccountName: Koloha
timestamps:
  login: 1648137480890
  logout: 1648137491576
ipAddress: 42.116.115.73
logoutlocation:
  world: world
  x: -11.608553718933067
  y: 84.0625
  z: 1.2177324634300528
  yaw: -268.0
  pitch: 2.0
