lastAccountName: SlayA
timestamps:
  login: 1648166185376
  logout: 1648166194791
ipAddress: 116.102.213.1
logoutlocation:
  world: world
  x: -13.255525481853095
  y: 84.0625
  z: 3.496748039717204
  yaw: -269.88617
  pitch: 2.0865822
