lastAccountName: RedNoPe
timestamps:
  login: 1647743593254
  logout: 1647743614373
ipAddress: 14.254.96.128
logoutlocation:
  world: world
  x: -4.191793155962139
  y: 84.0625
  z: 6.949048082532504
  yaw: -74.736145
  pitch: -18.013416
