lastAccountName: Oddloop
timestamps:
  login: 1648180319637
  logout: 1648180331285
ipAddress: 27.72.239.66
logoutlocation:
  world: world
  x: -11.762702737349766
  y: 84.0625
  z: 0.7587989570538265
  yaw: -89.8124
  pitch: 9.24161
afk: false
