lastAccountName: KhoaKoNgu6
timestamps:
  login: 1647854645814
  logout: 1647854671253
ipAddress: 171.226.34.246
logoutlocation:
  world: world
  x: -6.870889991393164
  y: 84.0625
  z: 3.497829215865636
  yaw: -262.6103
  pitch: -1.2117943
