lastAccountName: Shusauro
timestamps:
  login: 1648014033453
  logout: 1648014062286
ipAddress: 113.190.176.138
logoutlocation:
  world: world
  x: -4.965861465923894
  y: 84.0625
  z: 3.470756308694524
  yaw: 92.513824
  pitch: 2.2365823
