lastAccountName: Jinx_UwU
timestamps:
  login: 1647953849974
ipAddress: 70.166.167.38
logoutlocation:
  world: world
  x: -4.5
  y: 98.0
  z: 3.5
  yaw: -269.88617
  pitch: 2.0865822
