lastAccountName: thachotui
timestamps:
  login: 1647925634988
  logout: 1647925665368
ipAddress: 14.228.109.93
logoutlocation:
  world: world
  x: -4.92959580904661
  y: 84.0625
  z: 3.4840259016491473
  yaw: -266.8862
  pitch: -0.16341782
