lastAccountName: Freshiii252
timestamps:
  login: 1647953849968
ipAddress: 181.13.198.90
logoutlocation:
  world: world
  x: -4.5
  y: 98.0
  z: 3.5
  yaw: -269.88617
  pitch: 2.0865822
