lastAccountName: ArWr_Pirdy
timestamps:
  login: 1647953850040
ipAddress: 103.58.75.83
logoutlocation:
  world: world
  x: -4.5
  y: 98.0
  z: 3.5
  yaw: -269.88617
  pitch: 2.0865822
