lastAccountName: Larrytodope
timestamps:
  login: 1647761665208
  logout: 1647761675114
ipAddress: 42.114.34.154
logoutlocation:
  world: world
  x: -1.5
  y: 84.0625
  z: 1.5
  yaw: -260.80002
  pitch: 2.7500002
