lastAccountName: NightBlue
timestamps:
  login: 1648018105577
  logout: 1648018114250
ipAddress: 113.190.176.138
logoutlocation:
  world: world
  x: -21.15761792615445
  y: 81.5
  z: -0.12992024375633554
  yaw: 89.2035
  pitch: 11.240686
