lastAccountName: SQ_Fake
timestamps:
  login: 1647570313595
  logout: 1647570333640
ipAddress: 1.54.206.154
logoutlocation:
  world: world
  x: -1.5
  y: 84.0625
  z: 1.5
  yaw: -270.32404
  pitch: 40.130814
