lastAccountName: md_5
timestamps:
  login: 1647525648640
  logout: 1647525666995
ipAddress: 1.54.66.155
logoutlocation:
  world: world
  x: -48.96087787087275
  y: 75.0
  z: 0.4185460641112504
  yaw: -269.15808
  pitch: 5.474202
