lastAccountName: PlayUp5
timestamps:
  login: 1648035535056
  logout: 1648035550673
ipAddress: 113.165.44.40
logoutlocation:
  world: world
  x: -34.74370024788607
  y: 79.5
  z: 0.9794778019557566
  yaw: -270.85
  pitch: 2.6
