lastAccountName: KalosX
timestamps:
  login: 1647757466298
  logout: 1647757516922
ipAddress: 14.170.1.114
logoutlocation:
  world: world
  x: 14.828236985441665
  y: 80.0
  z: -9.468099170767113
  yaw: -114.18628
  pitch: 18.436596
