lastAccountName: _THNB_
timestamps:
  login: 1647761021989
  logout: 1647761035658
ipAddress: 58.186.109.128
logoutlocation:
  world: world
  x: -3.3457925639844044
  y: 84.0625
  z: 1.4705131333321333
  yaw: -268.0
  pitch: 2.0
