lastAccountName: one_chan
timestamps:
  login: 1648183513686
  logout: 1648183529678
ipAddress: 123.23.213.117
logoutlocation:
  world: world
  x: -1.6401744377874814
  y: 84.0625
  z: -1.9439227724530217
  yaw: -177.09999
  pitch: 20.399994
