lastAccountName: KingPC
timestamps:
  login: 1647882277779
  logout: 1647882294520
ipAddress: 58.186.115.216
logoutlocation:
  world: world
  x: -13.214823631610743
  y: 84.0625
  z: 2.0987598199081603
  yaw: -260.73746
  pitch: 0.35149807
