lastAccountName: Djibriel1929
timestamps:
  login: 1647856967436
  logout: 1647856978228
ipAddress: 101.99.13.112
logoutlocation:
  world: world
  x: 15.50225659948246
  y: 84.0
  z: 3.178826564622264
  yaw: -75.69999
  pitch: 31.09999
