lastAccountName: salmonpineapple
timestamps:
  login: 1647648235462
  logout: 1647648258110
ipAddress: 171.226.232.3
logoutlocation:
  world: world
  x: 12.019201558673407
  y: 84.0625
  z: 7.485709035994175
  yaw: -92.88608
  pitch: 2.9865854
