lastAccountName: TK1911
timestamps:
  login: 1647668111698
  logout: 1647668129855
ipAddress: 171.251.234.149
logoutlocation:
  world: world
  x: -16.207393725474923
  y: 84.0
  z: 4.767259423725891
  yaw: -271.68625
  pitch: 10.03658
