lastAccountName: snoepuitdepot
timestamps:
  login: 1647953849845
ipAddress: 93.113.101.85
logoutlocation:
  world: world
  x: -4.5
  y: 98.0
  z: 3.5
  yaw: -269.88617
  pitch: 2.0865822
