lastAccountName: YN_NhaDepZai
timestamps:
  login: 1648100288884
  logout: 1648100310401
ipAddress: 171.251.238.24
logoutlocation:
  world: world
  x: -2.818507014947981
  y: 84.0625
  z: 0.35734730415955696
  yaw: -335.04996
  pitch: 4.850001
