lastAccountName: xxSdogxx
timestamps:
  login: 1647953850083
ipAddress: 101.109.245.200
logoutlocation:
  world: world
  x: -4.5
  y: 98.0
  z: 3.5
  yaw: -269.88617
  pitch: 2.0865822
