lastAccountName: GhostLight_VN
timestamps:
  login: 1647688375367
  logout: 1647688386189
ipAddress: 14.229.186.86
logoutlocation:
  world: world
  x: -4.5
  y: 84.0625
  z: 3.5
  yaw: -272.13614
  pitch: 2.2365823
