lastAccountName: SickNubs
timestamps:
  login: 1648036337586
  logout: 1648036812808
ipAddress: 42.119.149.199
afk: false
logoutlocation:
  world: world
  x: -0.7626112088943674
  y: 84.0625
  z: -5.957041776750173
  yaw: -190.6241
  pitch: 26.813404
