lastAccountName: BetaStein_
timestamps:
  login: 1648135648677
ipAddress: 103.120.38.231
logoutlocation:
  world: world
  x: -4.5
  y: 98.0
  z: 3.5
  yaw: -269.88617
  pitch: 2.0865822
