lastAccountName: ChangBaka
timestamps:
  login: 1647949041701
  logout: 1647949066136
ipAddress: 118.71.161.125
logoutlocation:
  world: world
  x: 0.5300131011110271
  y: 80.0
  z: -22.863656469291687
  yaw: -203.38666
  pitch: 21.616825
