lastAccountName: las922
timestamps:
  login: 1647683236786
  logout: 1647683253495
ipAddress: 42.116.182.185
logoutlocation:
  world: world
  x: -6.442011371264268
  y: 84.0625
  z: -4.847367589311431
  yaw: -217.82822
  pitch: 25.235285
