lastAccountName: VinKTNL
timestamps:
  login: 1647762983093
  logout: 1647763005555
ipAddress: 59.153.220.46
logoutlocation:
  world: world
  x: -7.624395961174093
  y: 84.0625
  z: 1.3360363646900129
  yaw: -101.25647
  pitch: 90.0
