lastAccountName: Hp_Thanh
timestamps:
  login: 1647600738784
  logout: 1647600758030
ipAddress: 171.225.248.151
logoutlocation:
  world: world
  x: 0.8443287590588338
  y: 84.0625
  z: 7.949025493077681
  yaw: -89.736206
  pitch: -11.2634325
