lastAccountName: Ro_Bot_1
timestamps:
  login: 1647766851160
  logout: 1647766857927
ipAddress: 171.251.238.24
logoutlocation:
  world: world
  x: -4.734101370467348
  y: 84.0625
  z: 1.4602270158939064
  yaw: -268.0
  pitch: 2.0
