lastAccountName: BrokenHeart
timestamps:
  login: 1647584247273
  logout: 1647583633237
ipAddress: 1.52.235.47
logoutlocation:
  world: world
  x: -3.1839189074568073
  y: 84.0625
  z: 1.4725703559815884
  yaw: -267.5826
  pitch: 1.3322023
