lastAccountName: moitapchoi
timestamps:
  login: 1647436948491
  logout: 1647436974479
ipAddress: 127.0.0.1
logoutlocation:
  world: world
  x: -8.497151176176406
  y: 84.0625
  z: -1.3566395306141017
  yaw: -128.74478
  pitch: -1.7055802
