lastAccountName: hungvncraft
timestamps:
  login: 1648100700236
  logout: 1648100710604
ipAddress: 123.27.118.216
afk: false
logoutlocation:
  world: world
  x: -4.1145500314237315
  y: 84.0625
  z: 1.5177072182996199
  yaw: -271.3633
  pitch: 10.188837
