lastAccountName: SNXG
timestamps:
  login: 1647517499755
  logout: 1647517513893
ipAddress: 14.188.14.179
logoutlocation:
  world: world
  x: -21.15261142380395
  y: 81.5
  z: 1.8179865788923917
  yaw: -270.52368
  pitch: 18.404417
