lastAccountName: KINATICAT
timestamps:
  login: 1647953849850
ipAddress: 72.195.114.169
logoutlocation:
  world: world
  x: -4.5
  y: 98.0
  z: 3.5
  yaw: -269.88617
  pitch: 2.0865822
