lastAccountName: Chubby_Baby_Boy
timestamps:
  login: 1647953849857
ipAddress: 185.37.89.7
logoutlocation:
  world: world
  x: -4.5
  y: 98.0
  z: 3.5
  yaw: -269.88617
  pitch: 2.0865822
