lastAccountName: Newgamepro10
timestamps:
  login: 1648135413851
  logout: 1648135529708
ipAddress: 14.178.158.116
logoutlocation:
  world: world
  x: -49.55457922561506
  y: 75.0
  z: 0.6943946086611096
  yaw: -272.43958
  pitch: 15.886597
