lastAccountName: NightRaid
timestamps:
  login: 1648013984016
  logout: 1648013998486
ipAddress: 113.190.176.138
logoutlocation:
  world: world
  x: -4.5
  y: 84.0625
  z: 3.5
  yaw: 89.36384
  pitch: 4.936583
