lastAccountName: wDungx
timestamps:
  login: 1647753472985
  logout: 1647753482618
ipAddress: 1.55.250.168
logoutlocation:
  world: world
  x: -16.98191350219198
  y: 83.5
  z: 3.4008118893252686
  yaw: -268.5362
  pitch: 4.786583
