lastAccountName: DNHGamer
timestamps:
  login: 1647601126991
  logout: 1647601135397
ipAddress: 1.53.144.60
logoutlocation:
  world: world
  x: 3.51455309773987
  y: 84.0625
  z: -2.9820846982588334
  yaw: -137.69754
  pitch: 6.855266
