lastAccountName: OFGAME
timestamps:
  login: 1647601138482
  logout: 1647601160683
ipAddress: 14.191.57.122
logoutlocation:
  world: world
  x: -7.616056057395928
  y: 84.0625
  z: -12.111165477052701
  yaw: -244.48875
  pitch: 8.377722
