lastAccountName: Memaybeo
timestamps:
  login: 1647760824623
  logout: 1647760877097
ipAddress: 42.115.184.117
logoutlocation:
  world: world
  x: -41.279926194192335
  y: 77.5
  z: 3.3631208253695233
  yaw: -249.0998
  pitch: 28.49998
