lastAccountName: inspectwatkins
timestamps:
  login: 1647953849855
ipAddress: 213.145.139.202
logoutlocation:
  world: world
  x: -4.5
  y: 98.0
  z: 3.5
  yaw: -269.88617
  pitch: 2.0865822
