lastAccountName: Itliu
timestamps:
  login: 1647623119177
  logout: 1647623133769
ipAddress: 125.235.238.26
logoutlocation:
  world: world
  x: -4.5
  y: 84.0625
  z: 3.5
  yaw: -269.88617
  pitch: 2.0865822
