lastAccountName: khoadop
timestamps:
  login: 1647923567113
  logout: 1647923619359
ipAddress: 14.251.114.2
logoutlocation:
  world: world
  x: -4.380759829201557
  y: 80.0
  z: -19.69179478958891
  yaw: -182.05002
  pitch: -52.3
