lastAccountName: thanh
timestamps:
  login: 1647570052532
  logout: 1647570076453
ipAddress: 1.54.206.154
logoutlocation:
  world: world
  x: -1.5
  y: 84.0625
  z: 1.5
  yaw: -265.50388
  pitch: 39.270073
