lastAccountName: tiffthehuman9
timestamps:
  login: 1647953850046
ipAddress: 103.94.8.239
logoutlocation:
  world: world
  x: -4.5
  y: 98.0
  z: 3.5
  yaw: -269.88617
  pitch: 2.0865822
