lastAccountName: YTB_Pann
timestamps:
  login: 1647583362139
  logout: 1647583525674
ipAddress: 116.106.201.26
logoutlocation:
  world: world
  x: -14.055707750197602
  y: 84.0
  z: -8.666406898561085
  yaw: 143.00006
  pitch: -22.899996
