lastAccountName: ZerroGaming
timestamps:
  login: 1647689089898
  logout: 1647689106073
ipAddress: 113.169.99.73
logoutlocation:
  world: world
  x: -12.475466208728427
  y: 84.0625
  z: 2.446438195170348
  yaw: -270.93616
  pitch: 3.1365824
