lastAccountName: ServerDowner
timestamps:
  login: 1647759569022
  logout: 1647759575120
ipAddress: 14.162.191.21
logoutlocation:
  world: world
  x: -5.478304693045896
  y: 84.0625
  z: 1.1152460182359722
  yaw: -267.60785
  pitch: 4.0392838
