lastAccountName: Kinbon_2k3
timestamps:
  login: 1647572002128
  logout: 1647572072968
ipAddress: 171.234.12.218
logoutlocation:
  world: world
  x: -188.69999998807907
  y: 78.0
  z: 1.6187000967575005
  yaw: 85.700294
  pitch: 16.85
