lastAccountName: YTA_paomain
timestamps:
  login: 1647767268105
  logout: 1647767279709
ipAddress: 113.180.97.213
logoutlocation:
  world: world
  x: -3.7973530162486524
  y: 84.0625
  z: 2.7527986876463775
  yaw: -263.94998
  pitch: 1.5500002
lastlocation:
  world: world
  x: 58.60999034342183
  y: 74.0
  z: -349.89385556796844
  yaw: -125.19985
  pitch: 9.30001
