lastAccountName: ERROR404PNF
timestamps:
  login: 1647953849983
ipAddress: 81.177.73.8
logoutlocation:
  world: world
  x: -4.5
  y: 98.0
  z: 3.5
  yaw: -269.88617
  pitch: 2.0865822
