lastAccountName: Tamagotchy
timestamps:
  login: 1647953849852
ipAddress: 119.93.53.35
logoutlocation:
  world: world
  x: -4.5
  y: 98.0
  z: 3.5
  yaw: -269.88617
  pitch: 2.0865822
