lastAccountName: ThanhPhong2k4
timestamps:
  login: 1647875124315
  logout: 1647875145130
ipAddress: 113.173.244.150
logoutlocation:
  world: world
  x: -11.57832557955478
  y: 84.0625
  z: 5.5770329903724205
  yaw: -286.55865
  pitch: 19.983593
