lastAccountName: PhamTrungKien
timestamps:
  login: 1648132611296
  logout: 1648132612307
ipAddress: 1.52.111.243
logoutlocation:
  world: world
  x: -1.5
  y: 84.0625
  z: 1.5
  yaw: 68.14987
  pitch: 2.450001
