lastAccountName: thienpipo11
timestamps:
  login: 1648143585489
  logout: 1648143614054
ipAddress: 171.250.164.250
logoutlocation:
  world: world
  x: -6.4375052065188205
  y: 84.0625
  z: 3.432027324845625
  yaw: -268.23633
  pitch: 19.336588
