lastAccountName: leledu29000
timestamps:
  login: 1647953850011
ipAddress: 177.136.14.178
logoutlocation:
  world: world
  x: -4.5
  y: 98.0
  z: 3.5
  yaw: -269.88617
  pitch: 2.0865822
