lastAccountName: TCuongg
timestamps:
  login: 1647722990634
  logout: 1647723119731
ipAddress: 27.3.187.4
logoutlocation:
  world: world
  x: -1.5
  y: 84.0625
  z: 1.5
  yaw: -268.0
  pitch: 2.0
afk: false
lastlocation:
  world: world
  x: 86.83150462997936
  y: 74.0
  z: 57.203158688938196
  yaw: -118.977234
  pitch: 21.000559
