lastAccountName: mineplkoqa
timestamps:
  login: 1647732256385
  logout: 1647732285288
ipAddress: 116.97.107.215
logoutlocation:
  world: world
  x: -4.061065302075931
  y: 84.0625
  z: -0.8626983671893915
  yaw: -173.28618
  pitch: 31.486578
