lastAccountName: WWWW
timestamps:
  login: 1647436677720
  logout: 1647436716153
ipAddress: 117.7.220.207
logoutlocation:
  world: world
  x: 0.041541175075983094
  y: 84.0625
  z: 3.4319773870759143
  yaw: -261.87866
  pitch: 71.13649
