lastAccountName: AccNay500k
timestamps:
  login: 1647563725624
  logout: 1647563729820
ipAddress: 113.180.69.97
logoutlocation:
  world: world
  x: -3.9559000789288623
  y: 84.0625
  z: 0.5884454382880541
  yaw: -264.10004
  pitch: 3.3500001
