lastAccountName: MtfkImTaoMelon
timestamps:
  login: 1647924673843
  logout: 1647924682726
ipAddress: 183.81.119.6
logoutlocation:
  world: world
  x: -13.561790689483853
  y: 84.0625
  z: 2.1825533925188383
  yaw: -285.63995
  pitch: 35.204426
